0.000,0.000
10.000,0.000
20.000,0.000
30.000,0.000
40.000,0.000
50.000,0.000
60.000,0.000
70.000,0.000
80.000,0.000
90.000,0.000
100.000,0.000
110.000,0.000
120.000,0.000
130.000,0.000
140.000,0.000
150.000,0.000
160.000,0.000
170.000,0.000
180.000,0.000
190.000,0.000
200.000,0.000
210.000,0.000
220.000,0.000
230.000,0.000
240.000,0.000
250.000,0.000
260.000,0.000
270.000,0.000
280.000,0.000
290.000,0.000
300.000,0.000
310.000,0.000
320.000,0.000
330.000,0.000
340.000,0.000
350.000,0.000
360.000,0.000
370.000,0.000
380.000,0.000
390.000,0.000
400.000,0.000
410.000,0.000
420.000,0.000
430.000,0.000
440.000,0.000
450.000,0.000
460.000,0.000
470.000,0.000
480.000,0.000
490.000,0.000
