0.000,0.000
10.000,435.554
20.000,605.606
30.000,665.781
40.000,715.743
50.000,741.374
60.000,779.012
70.000,805.816
80.000,826.539
90.000,850.979
100.000,873.650
110.000,886.802
120.000,890.259
130.000,858.976
140.000,862.272
150.000,878.629
160.000,889.882
170.000,897.821
180.000,907.259
190.000,905.782
200.000,905.051
210.000,905.741
220.000,905.493
230.000,904.735
240.000,904.090
250.000,905.268
260.000,910.799
270.000,910.562
280.000,911.207
290.000,912.508
300.000,912.369
310.000,912.477
320.000,917.892
330.000,917.751
340.000,919.735
350.000,920.526
360.000,924.158
370.000,926.719
380.000,931.356
