0.000,0.000
10.000,0.000
20.000,0.000
30.000,0.000
40.000,0.000
50.000,0.000
60.000,0.000
70.000,0.000
80.000,0.000
90.000,16.809
100.000,32.874
110.000,36.954
120.000,48.674
130.000,55.439
140.000,60.998
150.000,68.977
160.000,73.757
170.000,75.963
180.000,75.724
190.000,78.690
200.000,84.152
210.000,88.952
220.000,89.249
230.000,89.091
240.000,93.091
250.000,95.017
260.000,98.640
270.000,101.870
280.000,100.675
290.000,103.742
300.000,106.618
310.000,109.225
320.000,108.077
330.000,110.389
340.000,112.088
350.000,112.994
360.000,113.474
370.000,112.526
380.000,114.254
390.000,114.645
400.000,115.827
410.000,117.646
420.000,119.372
430.000,121.039
440.000,121.076
450.000,121.906
460.000,123.421
470.000,123.540
480.000,123.915
490.000,124.629
500.000,124.967
510.000,126.279
520.000,125.748
530.000,126.964
540.000,128.102
550.000,129.256
560.000,130.108
570.000,130.913
580.000,131.833
590.000,132.807
600.000,132.243
610.000,133.141
620.000,133.743
630.000,134.623
640.000,135.510
650.000,134.761
660.000,135.569
670.000,136.345
680.000,136.869
690.000,137.019
700.000,137.395
710.000,138.119
720.000,138.666
730.000,139.360
740.000,140.026
750.000,139.703
760.000,140.313
770.000,140.660
780.000,141.010
790.000,141.212
800.000,141.743
810.000,142.363
820.000,142.901
830.000,143.158
840.000,143.625
850.000,144.196
860.000,144.724
870.000,145.229
880.000,145.259
890.000,145.744
900.000,146.252
910.000,146.728
920.000,147.216
930.000,147.707
940.000,148.151
950.000,148.595
960.000,148.762
970.000,149.207
980.000,149.609
990.000,150.041
1000.000,151.767
1010.000,153.116
1020.000,154.962
1030.000,156.420
1040.000,157.288
1050.000,159.176
1060.000,161.108
1070.000,162.956
1080.000,164.846
1090.000,165.094
1100.000,165.055
1110.000,166.048
1120.000,166.049
1130.000,166.187
1140.000,166.725
1150.000,165.648
1160.000,165.641
1170.000,165.810
1180.000,166.349
1190.000,166.359
1200.000,165.597
1210.000,165.606
1220.000,166.549
1230.000,167.601
1240.000,167.396
1250.000,167.814
1260.000,167.815
1270.000,167.840
1280.000,168.860
1290.000,168.468
1300.000,168.436
1310.000,168.431
1320.000,169.643
1330.000,169.559
1340.000,169.793
1350.000,170.276
1360.000,170.877
1370.000,171.995
1380.000,172.122
1390.000,172.632
1400.000,172.827
1410.000,172.799
1420.000,172.793
1430.000,172.367
1440.000,173.066
1450.000,173.407
1460.000,173.384
1470.000,172.912
1480.000,172.256
1490.000,172.585
1500.000,172.637
1510.000,172.503
1520.000,172.401
1530.000,172.406
1540.000,172.391
1550.000,172.357
1560.000,172.468
1570.000,172.414
1580.000,172.449
1590.000,172.479
1600.000,173.385
1610.000,173.435
1620.000,173.647
1630.000,173.673
1640.000,173.642
1650.000,174.682
1660.000,174.716
1670.000,174.740
1680.000,174.913
1690.000,175.326
1700.000,175.184
1710.000,174.646
1720.000,174.753
1730.000,174.744
1740.000,174.697
1750.000,175.433
1760.000,175.500
1770.000,175.522
1780.000,175.774
1790.000,176.073
1800.000,176.086
1810.000,176.037
1820.000,174.881
1830.000,175.036
1840.000,175.131
1850.000,175.072
1860.000,175.105
1870.000,174.350
1880.000,174.366
1890.000,174.352
1900.000,174.339
1910.000,174.374
1920.000,173.198
1930.000,173.165
1940.000,172.543
1950.000,172.530
1960.000,172.811
1970.000,172.772
1980.000,172.787
1990.000,172.776
